image: levineloop3.pgm
resolution: 0.050000
origin: [-16.060268, -14.794493, 0.000000]
negate: 0
occupied_thresh: 0.65
free_thresh: 0.196

